waypoints:
- latitude: 42.615249399999996
  longitude: -5.5634711999999995
  yaw: 0.0
- latitude: 42.6152094
  longitude: -5.563072099999999
  yaw: 0.0
- latitude: 42.615150899999996
  longitude: -5.5630809
  yaw: 0.0
- latitude: 42.615190899999995
  longitude: -5.5634594
  yaw: 0.0
