waypoints:
- latitude: 42.61516140892372
  longitude: -5.5631589193528965
  yaw: 0.0
- latitude: 42.61516990170388
  longitude: -5.563173247188816
  yaw: 0.0
- latitude: 42.61518423170388
  longitude: -5.563164757188816
  yaw: 0.0
- latitude: 42.61517573892372
  longitude: -5.5631504293528965
  yaw: 0.0

